sale_id,customer_id,vehicle_id,loan_amount,interest_rate,loan_term_months,monthly_payment,down_payment,approval_status
484,411,237,39781,10.19525402,60,849.0556336,3960.1,Denied
847,718,770,33354,10.86075747,60,722.8827777,3207.8,Denied
345,296,612,31383,4.205526752,60,580.881017,2954,Approved
805,684,766,30813,4.089766366,60,568.7173623,2922.6,Approved
646,549,640,34586,6.270964398,60,673.0106042,3312.8,Approved
596,508,747,22596,10.58357645,60,486.6122213,2222.7,Denied
565,481,846,36496,6.312761634,60,710.8897293,3592.7,Denied
171,147,285,15997,11.567092,60,352.354789,1531.4,Denied
366,314,407,39872,11.85465104,60,884.0048169,3952.7,Denied
379,326,35,38946,9.533766075,60,818.5812945,3793.2,Denied
876,744,353,42356,4.583450076,60,791.2519682,4052.9,Approved
309,265,224,30984,4.05778984,60,571.4259108,3078.2,Approved
583,496,535,39752,4.136089122,60,734.5374324,3862.6,Approved
251,217,120,64470,4.851193277,60,1212.238092,6318.8,Approved
619,526,540,33775,3.142072116,60,609.0272502,3211.1,Approved
76,65,898,45763,8.348517199,60,935.560455,4567.2,Denied
489,415,421,33862,8.08087359,60,687.9106352,3272.3,Denied
934,794,680,37213,7.497859537,60,745.6343308,3551.4,Approved
594,506,746,33597,4.556313502,60,627.2101835,3175.4,Approved
863,731,673,27916,4.740024296,60,523.4908572,2647.1,Approved
871,739,874,34702,11.91447337,60,770.4278615,3419.2,Denied
41,35,689,29225,4.598317128,60,546.1497413,2814.3,Approved
664,564,545,27720,3.922958725,60,509.5428213,2724.7,Approved
671,570,334,38076,11.12211671,60,830.1852416,3679.9,Denied
864,733,89,49818,3.236548852,60,900.4106445,4814.7,Approved
615,522,251,36772,10.55968409,60,791.4613537,3562.2,Denied
308,264,505,40627,5.430059862,60,774.7120666,3916.5,Approved
642,545,850,37418,7.834006751,60,755.7330589,3543.2,Approved
769,653,457,36980,10.08739329,60,787.3068371,3529.3,Denied
356,306,34,29946,9.65864776,60,631.2459725,2947.4,Denied
249,215,604,28397,3.529111224,60,516.961275,2742.5,Approved
691,589,856,39374,11.09693476,60,857.9908219,3833.5,Denied
445,378,619,36821,9.824601329,60,779.1634496,3625.9,Denied
197,172,383,30510,10.2737358,60,652.3643427,2891.2,Denied
793,674,350,38642,8.075159202,60,784.9111194,3846.6,Denied
635,540,61,32243,10.47054199,60,692.5574039,3103.1,Denied
916,779,774,31896,10.44838289,60,684.7541462,3096.3,Denied
447,380,833,27871,4.233867994,60,516.2336017,2607.2,Approved
193,168,289,32070,7.831244236,60,647.6769588,3049.3,Approved
433,369,137,40187,7.045460897,60,796.6130001,3950,Approved
720,615,165,29400,6.078523702,60,569.458452,2900.4,Denied
375,324,513,34584,9.748127815,60,730.5290929,3352.4,Denied
947,804,470,34295,10.79052478,60,742.078702,3289.9,Denied
624,531,331,37619,8.240901887,60,767.1222223,3650,Denied
945,803,993,46925,10.66706686,60,1012.489229,4548.7,Denied
775,659,348,45078,7.011913609,60,892.8518267,4368.6,Approved
928,791,467,29644,5.631147683,60,568.0310569,2840.8,Approved
160,137,702,69379,8.515705191,60,1423.941636,6751.6,Denied
848,717,87,48721,3.630856702,60,889.1780217,4780.9,Approved
637,541,255,33580,9.454843084,60,704.5016963,3211,Denied
537,456,51,29108,10.28078708,60,622.4881718,2726,Denied
260,224,606,44813,9.754406054,60,946.7375562,4297.1,Denied
1,2,576,46287,4.976747676,60,872.9997861,4482.8,Approved
660,561,852,25730,8.408179243,60,526.7524235,2527.8,Denied
385,331,514,59211,8.835507024,60,1224.401334,5805.7,Denied
440,375,234,57447,3.322619036,60,1040.50399,5669.8,Approved
175,151,704,23397,4.306216651,60,434.1320957,2243.7,Approved
910,772,988,49434,9.01316641,60,1026.484448,4893,Denied
925,786,564,30342,6.398932319,60,592.2407374,2849,Approved
638,542,638,51609,8.977702368,60,1070.759542,5102.9,Denied
883,749,91,36438,3.317939167,60,659.9040765,3523.3,Approved
875,745,463,32174,8.441500565,60,659.1921195,3108.1,Denied
176,153,379,34642,10.62531836,60,746.7440935,3403,Denied
287,248,397,44283,8.552731805,60,909.6594136,4358.5,Denied
912,774,97,60674,5.589747085,60,1161.458974,5914.3,Approved
98,83,483,28787,9.474900683,60,604.2275464,2728.7,Denied
421,359,415,43244,11.28397292,60,946.3651317,4284.7,Denied
768,653,761,46206,8.388405103,60,945.5036192,4611.1,Denied
365,315,929,67416,4.675889815,60,1262.236832,6679.3,Approved
392,336,231,37441,8.384393632,60,766.0750029,3681.4,Denied
962,815,567,37869,11.90583786,60,840.5741689,3643.8,Denied
820,696,867,45078,3.937302403,60,828.9051598,4349,Approved
640,543,437,54481,7.930283265,60,1102.861357,5362.1,Approved
62,55,369,37010,10.41938208,60,794.0120046,3617,Denied
106,90,205,67284,10.95705432,60,1461.476559,6628.9,Denied
400,342,412,55587,8.156751169,60,1131.278609,5533.4,Denied
843,713,86,28002,9.13122785,60,583.0605049,2741.5,Denied
631,538,849,30881,8.480786245,60,633.2850748,2897.3,Denied
744,630,168,40284,9.18456079,60,839.8425628,3835.8,Denied
459,391,834,37684,3.237455438,60,681.1159388,3666.5,Approved
312,269,297,35135,5.953949538,60,678.5058947,3436.9,Approved
480,407,942,26499,3.828525989,60,485.9715541,2622,Approved
571,487,150,30097,3.128294993,60,542.5212901,2909.5,Approved
524,445,841,45897,10.76988848,60,992.6529947,4483.5,Denied
919,780,678,60018,4.133202908,60,1108.934236,5887.8,Approved
143,122,699,40034,9.061557964,60,832.2365602,3894.8,Denied
369,318,615,39619,10.09299221,60,843.6006155,3873.9,Denied
367,316,821,30110,8.375762043,60,615.951399,2909.4,Denied
595,507,433,66909,10.30378598,60,1431.640382,6664.1,Denied
342,294,511,34714,11.71718479,60,767.2417479,3385.1,Denied
452,386,938,37114,3.637137905,60,677.4501755,3548.2,Approved
618,525,636,55156,10.66964152,60,1190.158006,5414.4,Denied
291,252,716,57279,8.52719145,60,1175.917197,5706,Denied
816,695,975,32964,4.432654408,60,613.5395469,3147.2,Approved
899,762,356,37698,3.578812186,60,687.1237459,3722.3,Approved
686,585,64,40056,5.549574086,60,766.0330446,3842.5,Approved
570,484,629,41207,10.34605174,60,882.5598443,4037,Denied
99,84,588,52068,8.080430185,60,1057.756671,5136.6,Denied
255,220,919,60312,4.657880058,60,1128.73274,5887.8,Approved
500,424,525,48007,3.009390952,60,862.8232897,4624.9,Approved
456,388,140,32187,10.71126615,60,695.1975557,3130.9,Denied
798,678,79,39982,3.540015946,60,728.0590627,3804.4,Approved
566,481,628,52551,7.205582066,60,1045.677463,5118.6,Denied
836,710,670,38864,4.92437709,60,732.0658972,3813.2,Approved
907,769,357,58179,3.497506287,60,1058.31256,5618.3,Approved
986,837,572,49390,6.728472003,60,971.6663569,4764.3,Approved
707,604,966,67986,4.184083863,60,1257.721358,6703,Approved
32,29,893,48548,10.28900762,60,1038.418778,4721.1,Denied
184,159,805,51753,3.446163265,60,940.2301385,5125.1,Approved
519,440,738,48215,11.81099605,60,1067.916723,4626.3,Denied
173,148,286,73780,9.788501514,60,1559.940021,7188.5,Denied
977,831,686,43585,4.692817345,60,816.3829368,4284.6,Approved
5,3,363,39353,10.7979171,60,851.6689022,3805.9,Denied
797,677,765,44208,3.594873902,60,806.1003241,4295.2,Approved
516,437,947,29783,11.25519128,60,651.3513959,2837.4,Denied
520,442,146,31055,3.793011482,60,569.028861,2922.1,Approved
31,26,103,33154,11.52441279,60,729.5493014,3219.9,Denied
990,840,573,49800,4.162545745,60,920.8002967,4887.6,Approved
790,670,77,48546,4.763470724,60,910.8715608,4718.1,Approved
509,431,839,39999,10.77012636,60,865.0967222,3803.3,Denied
789,671,174,52478,4.45050856,60,977.1678204,5208.2,Approved
872,740,560,32245,10.00529753,60,685.1950095,3089.5,Denied
210,183,384,48493,11.82433454,60,1074.400242,4681.5,Denied
620,527,330,60510,10.5759608,60,1302.874035,5942.9,Denied
648,550,158,48386,3.847710097,60,887.7803861,4727.7,Approved
83,71,797,49532,4.212786428,60,916.9712062,4756.6,Approved
708,603,649,29903,8.076772793,60,607.4243179,2833.5,Denied
455,389,733,36910,3.603149633,60,673.1636705,3595.1,Approved
918,781,879,34520,4.320347075,60,640.7408973,3438.7,Approved
209,183,707,59029,9.160310429,60,1229.942728,5828.1,Denied
59,51,691,29809,10.47206172,60,640.2991953,2830.1,Denied
376,325,616,36525,9.715074804,60,770.9376154,3534.2,Denied
573,486,53,26515,8.541896257,60,544.5313872,2543.8,Denied
162,139,802,33792,9.193129304,60,704.637962,3286.3,Denied
528,449,842,29637,4.139929821,60,547.6839437,2910,Approved
174,149,287,23915,10.36349104,60,512.41089,2319,Denied
75,63,198,82080,10.297301,60,1755.988688,8118.3,Denied
855,725,871,49130,4.30640164,60,911.612868,4725.6,Approved
57,50,5,44193,4.30420654,60,819.9622774,4266.5,Approved
903,766,95,36107,3.862836871,60,662.7327366,3472.3,Approved
78,67,795,55828,4.793093192,60,1048.259318,5487.3,Approved
252,217,218,33004,3.73512374,60,603.8818252,3162.2,Approved
112,96,798,30343,9.743459701,60,640.8756151,2885.8,Denied
58,51,895,44607,11.56769342,60,982.5408335,4345.3,Denied
44,39,690,56563,11.22477596,60,1236.166754,5586.4,Denied
295,254,398,35346,4.407777167,60,657.4749603,3409.8,Approved
86,74,201,28179,8.400907549,60,576.7904735,2622.4,Denied
715,609,341,40993,4.838965227,60,770.5677807,3955.3,Approved
180,156,804,47442,10.8569652,60,1028.123095,4680,Denied
256,220,392,49831,4.997694013,60,940.3197995,4918.3,Approved
699,596,68,35686,8.597793219,60,733.8360643,3418.8,Denied
600,511,634,43944,4.736252115,60,823.9780228,4225.1,Approved
225,196,915,37539,8.649971739,60,772.8862642,3556.3,Denied
920,783,359,35974,4.231119129,60,666.2746016,3439.5,Approved
450,383,520,26507,3.247639966,60,479.2187143,2628.2,Approved
645,548,959,32921,11.39203292,60,722.2355036,3124.2,Denied
217,189,385,35725,11.22927583,60,780.8391659,3400.3,Denied
200,175,913,37246,6.707302216,60,732.3827953,3598.2,Denied
767,652,456,27596,9.628733189,60,581.3049841,2658.8,Denied
784,667,172,26846,8.276667982,60,547.9016789,2494.2,Denied
732,624,452,19307,4.394857546,60,359.0184457,1921.8,Approved
95,81,586,51680,3.907085365,60,949.6004488,5055.1,Approved
979,832,996,48189,7.166166798,60,957.9823891,4646.2,Denied
469,398,835,59160,11.4655293,60,1300.059109,5796.5,Denied
27,24,788,39899,4.95104301,60,752.0487704,3951.4,Approved
941,800,187,37509,11.42321337,60,823.4755111,3625.3,Denied
643,546,62,32581,3.023428168,60,585.7771765,3148.2,Approved
515,436,240,42258,3.719956129,60,772.9163605,4176.9,Approved
418,358,935,44341,7.189971687,60,881.9846209,4418.1,Approved
628,534,254,46587,8.686518709,60,959.9970502,4602.8,Denied
153,129,210,32495,6.563109819,60,636.7629967,3211.7,Denied
220,192,914,32481,3.108675977,60,585.2109986,3066.2,Approved
213,185,24,50055,5.599989575,60,958.4205275,4951.5,Denied
426,364,233,41075,3.037043589,60,738.7403231,3915.6,Approved
964,817,273,27819,7.38109311,60,555.8651354,2744.7,Approved
124,107,208,64083,8.895698752,60,1327.016098,6329.2,Denied
467,398,418,60365,9.381406723,60,1264.281724,5883,Denied
275,237,122,40786,7.78424388,60,822.7879832,4034.5,Approved
696,594,67,66808,10.81765761,60,1446.499949,6631.2,Denied
186,160,212,50008,8.127355718,60,1017.032678,4924.2,Denied
786,667,76,34220,8.658776626,60,704.6972757,3362.5,Denied
97,82,587,24127,10.48591361,60,518.4149893,2228.2,Denied
723,618,858,31197,10.30891435,60,667.5959005,2987.2,Denied
727,620,343,38585,8.951571285,60,800.0545397,3730.9,Denied
852,723,982,45074,4.868427996,60,847.8876485,4388.3,Approved
232,201,386,66974,4.227931912,60,1240.329062,6539.5,Approved
523,444,627,35061,6.606898409,60,687.765628,3386.2,Approved
195,169,21,35189,10.35963991,60,753.9044249,3429.8,Denied
412,353,826,23922,4.460244059,60,445.5459856,2219.3,Approved
711,606,967,34199,5.935834986,60,660.142602,3256.3,Approved
233,201,387,29184,3.796442124,60,534.7910804,2736.3,Approved
762,646,74,50240,8.839374996,60,1038.9876,5004.9,Denied
766,651,346,20507,3.372386012,60,371.8872969,1927,Approved
586,499,54,35514,11.77748956,60,786.0018625,3463.8,Denied
235,204,709,46513,7.218652385,60,925.8190122,4485,Approved
971,823,360,61448,9.961835234,60,1304.434794,5977.7,Denied
612,519,539,52054,3.454829256,60,945.9004627,5193.8,Approved
714,608,754,43607,9.017425927,60,905.5784407,4200.7,Denied
172,150,493,53307,3.116058321,60,960.6087512,5173.7,Approved
968,822,885,30804,3.868833251,60,565.4810093,3071.5,Approved
265,227,219,35869,9.247183528,60,748.8918729,3387.1,Denied
685,584,444,39127,4.392686978,60,727.5376977,3868.6,Approved
245,213,391,29684,9.511007357,60,623.5789393,2770.3,Denied
272,235,922,35340,8.71841471,60,728.7800629,3420.4,Denied
20,17,3,33364,8.098714914,60,678.0789474,3167.7,Denied
616,523,749,31289,5.201748894,60,593.3584381,2987.3,Approved
384,330,132,32656,10.71757109,60,705.429639,3244.9,Denied
298,256,504,37651,6.361090534,60,734.2377619,3599,Denied
89,75,901,27729,10.14631684,60,591.1576053,2583.4,Denied
198,173,599,26698,11.58668517,60,588.3211464,2583.5,Denied
290,251,815,28006,4.980677895,60,528.2598876,2736.5,Approved
360,310,724,33133,8.867587938,60,685.6592877,3181.2,Denied
815,690,83,36101,10.65231281,60,778.6780084,3497.9,Denied
214,186,215,44596,3.526644753,60,811.8113042,4407.2,Approved
419,358,828,48654,5.061952998,60,919.5426075,4705.1,Approved
315,271,608,44129,11.03351462,60,960.2091261,4385,Denied
930,789,98,48953,3.640034302,60,893.6137331,4887.4,Approved
787,668,863,68218,3.766927788,60,1249.175904,6631.5,Approved
555,472,244,49467,6.764951341,60,974.029472,4748.5,Denied
634,539,435,83016,11.32419382,60,1818.419856,8172.1,Denied
942,801,991,54751,6.886945531,60,1081.217421,5320.2,Approved
394,338,728,42987,11.49060262,60,945.1934246,4099.6,Denied
726,621,755,38550,9.094168139,60,801.9975857,3805.2,Denied
74,64,897,38253,11.19218734,60,835.383982,3689,Denied
608,517,958,41296,8.742543777,60,852.0862484,3932.2,Denied
457,390,521,33444,11.81116663,60,740.755896,3194,Denied
858,727,179,57114,4.374976553,60,1061.533552,5648.1,Approved
905,767,677,66076,8.862030708,60,1367.208807,6505.2,Denied
540,458,147,39963,4.894741181,60,752.2254647,3927.9,Approved
100,85,694,32549,10.92342323,60,706.4517325,3214.8,Denied
422,360,40,28180,5.761824928,60,541.6829185,2688,Denied
39,33,195,74383,8.853247909,60,1538.776316,7279.9,Denied
694,592,163,60408,10.07280286,60,1285.656481,5862.6,Denied
121,104,591,39891,8.102650872,60,810.8067947,3955.4,Denied
21,18,892,36783,8.829880302,60,760.5211944,3509.8,Denied
672,571,546,45074,3.849370938,60,827.0459216,4331.7,Approved
66,57,281,38627,9.496679921,60,811.1762262,3824,Denied
475,402,143,32090,9.854301697,60,679.5194275,3157.3,Denied
92,79,902,37485,9.110514825,60,780.1390436,3607.2,Denied
572,485,52,30356,10.34713739,60,650.1724944,2855,Denied
874,742,562,35734,4.727711212,60,669.8960226,3441,Approved
77,66,899,55956,5.352595568,60,1065.021695,5456.6,Denied
49,41,279,40532,4.034758214,60,747.0944059,3872.6,Approved
860,729,556,14031,3.264136213,60,253.7690056,1400.3,Approved
799,679,175,9144,4.433719362,60,170.1963182,906.9,Approved
393,337,308,15717,9.584238811,60,330.7336463,1513.1,Denied
514,435,840,39128,10.26168525,60,836.4014362,3897.4,Denied
821,697,84,13402,8.733119345,60,276.4707877,1222.8,Denied
296,254,816,29771,3.289695519,60,538.7871109,2938.7,Approved
663,562,853,11272,9.952225123,60,239.231801,1036.1,Denied
109,93,589,12007,9.422450951,60,251.7145553,1119.2,Denied
258,222,811,10831,11.76172778,60,239.6275178,913.1,Denied
581,494,632,17001,11.06130102,60,370.1628906,1535.8,Denied
558,473,245,24957,10.99465448,60,542.5591232,2490.7,Denied
120,103,207,18404,11.61487896,60,405.814151,1663.2,Denied
492,417,944,27458,8.333689742,60,561.1445759,2647.8,Denied
339,290,610,18159,4.10438494,60,335.2817086,1617.3,Approved
598,509,748,13589,4.168952138,60,251.2995309,1295.4,Approved
25,22,366,34366,11.84774551,60,761.8112273,3285.1,Denied
362,311,726,17385,3.584295054,60,316.9201964,1712.3,Approved
760,646,659,21472,8.96331512,60,445.3412061,2055.3,Denied
831,708,769,15165,8.401175769,60,310.4113949,1400.9,Denied
853,724,555,19183,8.065718518,60,389.5656926,1776.7,Denied
578,492,743,25629,7.78858795,60,517.0744826,2455.3,Approved
561,477,534,39427,7.00974964,60,780.8832277,3821.4,Approved
411,352,135,22363,11.14061165,60,487.7954652,2202.6,Denied
54,47,107,19569,3.563460212,60,356.5506706,1767,Approved
126,109,698,16915,4.172820332,60,312.8364011,1669.9,Approved
110,94,488,17126,8.255821064,60,349.3540873,1583.2,Denied
788,669,173,34511,3.971255192,60,635.1250203,3378.3,Approved
721,614,72,27651,11.90998056,60,613.8241248,2736.7,Denied
407,348,413,24002,4.753010491,60,450.2363826,2211.8,Approved
326,280,403,32950,3.676317904,60,602.0232854,3172.6,Approved
533,452,950,29615,4.923140309,60,557.829357,2909.1,Approved
211,185,808,19104,5.695104879,60,366.6314884,1804.5,Denied
389,334,823,34841,4.898637645,60,655.8759131,3369.8,Approved
61,53,793,36874,7.824133114,60,744.572044,3622.8,Approved
42,36,105,15452,11.19681035,60,337.4825397,1494.2,Denied
22,19,277,19917,10.52179175,60,428.3090533,1858.5,Denied
597,507,327,20689,11.49715187,60,454.9754726,2003.4,Denied
416,354,618,13016,3.586040569,60,237.2856137,1183,Approved
689,588,162,32958,11.39577422,60,723.1090421,3244.3,Denied
229,200,292,22531,4.235753384,60,417.3440307,2148,Approved
331,284,820,18374,5.039710573,60,347.0744274,1700.2,Denied
544,462,531,24501,9.388934072,60,513.2377789,2410.2,Denied
284,245,714,16342,3.296281722,60,295.8009266,1469.4,Approved
333,285,509,21407,11.92731756,60,475.401011,2074.8,Denied
621,528,252,18944,9.913481228,60,401.6980288,1831.1,Denied
927,788,185,18359,9.989565462,60,389.9802414,1718.7,Denied
243,210,26,29378,10.55789007,60,632.2906237,2797,Denied
965,818,995,11334,9.474338425,60,237.8929861,1030.3,Denied
239,205,293,20786,8.547601087,60,426.9336502,1941.5,Denied
486,412,837,26898,11.28847093,60,588.7047566,2577.6,Denied
413,354,39,38439,3.379695824,60,697.203459,3761.8,Approved
355,305,129,23231,10.04527593,60,494.107786,2125.5,Denied
170,146,803,11403,8.897268116,60,236.1393871,1130.5,Denied
30,26,478,12834,8.391377938,60,262.6377916,1255.8,Denied
303,259,718,17358,4.724383035,60,325.3795618,1662.9,Approved
703,601,547,16920,11.89167796,60,375.4505317,1522.2,Denied
398,341,824,23508,7.882503974,60,475.3366792,2340.5,Approved
756,642,657,8258,4.813110998,60,155.1325694,758.3,Approved
850,722,178,34301,4.548094665,60,640.2246126,3262.5,Approved
4,4,474,17402,9.332580608,60,364.0522588,1627.2,Denied
496,421,422,35294,8.32440556,60,721.1272005,3394.8,Denied
983,834,687,30698,9.628964686,60,646.6515585,2953,Denied
228,199,810,31691,5.696702427,60,608.2164061,3089.6,Approved
859,728,265,19195,3.26497527,60,347.1738933,1765.5,Approved
263,226,294,35766,8.213708727,60,728.869103,3510.3,Denied
481,408,144,20239,10.90237746,60,439.0602014,1886.7,Denied
215,187,25,19093,5.034282376,60,360.6084206,1791,Approved
179,155,19,27932,11.08232299,60,608.4567442,2644.7,Denied
351,302,227,13255,8.587786582,60,272.5077842,1291.8,Denied
576,491,631,24384,3.159044165,60,439.8740619,2412.1,Approved
668,568,161,20398,3.179206068,60,368.1520342,1876.3,Approved
857,727,872,33147,4.344095615,60,615.6130797,3193,Approved
914,776,358,21053,8.981468839,60,436.8363313,1962.1,Denied
674,575,854,10306,9.682157867,60,217.3637586,978.5,Denied
15,13,890,30585,10.22947517,60,653.2996338,3049.8,Denied
536,454,427,29456,4.721102348,60,552.115167,2792.7,Approved
705,602,648,29596,10.90817705,60,642.1342956,2921.7,Denied
405,346,310,21409,5.810983716,60,412.01692,2131.1,Approved
224,195,291,28574,5.394448398,60,544.4055906,2697.7,Denied
435,371,139,10945,3.110748641,60,197.20644,999.1,Approved
185,161,912,26092,5.904795903,60,503.2772065,2569.5,Denied
757,644,972,11255,3.524236298,60,204.8702719,936.3,Approved
244,211,217,18533,9.824562267,60,392.1735729,1713.3,Denied
64,56,370,20014,10.73312534,60,432.493877,1984.8,Denied
700,597,446,38902,7.086876337,60,771.9017545,3805.1,Approved
483,410,736,12545,3.567037693,60,228.5922564,1224.4,Approved
655,555,256,30359,9.519707824,60,637.8879358,2928.9,Denied
390,334,37,33243,3.362301923,60,602.7003993,3154.7,Approved
283,244,713,22095,7.365636537,60,441.3290807,2045.9,Approved
712,607,70,22674,3.113696153,60,408.568702,2138.3,Approved
178,154,705,25353,7.090991725,60,503.1089057,2338.7,Approved
681,581,645,22640,4.557390792,60,422.6690323,2139.4,Approved
988,839,362,24441,4.554815124,60,456.2634805,2371,Approved
946,804,99,30136,9.037690257,60,626.125193,2860,Denied
738,628,969,31450,9.495252552,60,660.4355754,3103.3,Denied
507,431,945,15262,10.35039854,60,326.9099862,1395.1,Denied
776,661,662,23011,9.09128761,60,478.690654,2146.3,Denied
538,457,740,29363,9.483411197,60,616.4396407,2932.8,Denied
132,114,799,15189,8.788217121,60,313.7397503,1400.9,Denied
34,28,580,28072,3.919711768,60,515.9721226,2761.3,Approved
353,303,613,26665,3.089224603,60,480.1931362,2602.5,Approved
669,569,333,31398,11.19918354,60,685.791645,3008.6,Denied
9,8,364,20412,5.230869341,60,387.3623558,1877.4,Approved
667,567,643,16278,10.0753406,60,346.4631388,1572.8,Denied
103,87,695,11940,9.227240398,60,249.1736609,1177.9,Denied
591,505,432,28892,10.3101718,60,618.2883218,2807,Denied
141,121,909,27827,4.918866682,60,524.0960964,2718,Approved
72,62,585,33766,4.291140489,60,626.2984553,3320.2,Approved
206,181,807,26904,8.141449743,60,547.3392151,2642,Denied
752,638,169,22480,9.721609758,60,474.5600995,2175.2,Denied
879,748,875,20150,6.530050557,60,394.5415725,1834,Denied
774,658,347,28528,4.072354989,60,526.3185516,2672.5,Approved
753,639,170,29984,10.72557004,60,647.8286928,2868.4,Denied
408,349,414,19502,9.110384391,60,405.8750242,1858.9,Denied
814,692,866,24429,8.515442262,60,501.3801785,2338.1,Denied
8,7,476,36366,3.785351353,60,666.2183918,3532.2,Approved
938,797,186,27141,7.869217168,60,548.6244167,2567.7,Approved
675,574,335,25299,5.561392675,60,483.9575247,2351.4,Denied
472,400,47,15681,4.80796791,60,294.5422092,1520.5,Approved
122,105,697,28893,6.63141785,60,567.1049549,2801.5,Denied
617,524,155,18405,9.827645687,60,389.4928447,1647.4,Denied
402,343,309,13704,7.646124231,60,275.5526155,1256.9,Approved
849,720,981,22972,3.917207924,60,422.2066063,2143,Approved
825,701,868,23691,10.89667055,60,513.8797575,2358.3,Denied
517,438,527,14744,3.798050643,60,270.1915797,1396,Approved
470,399,836,22537,7.712133179,60,453.8705298,2129.4,Approved
373,322,130,27459,7.070075061,60,544.6294057,2720.6,Denied
449,381,732,11221,4.399244109,60,208.6796204,991.5,Approved
908,771,773,26127,9.310881606,60,546.3040964,2593.8,Denied
261,224,27,22845,11.02711457,60,497.0146273,2158.8,Denied
989,839,888,14284,4.272122111,60,264.819342,1353.3,Approved
961,813,684,20859,3.480040547,60,379.2751891,2050.2,Approved
673,573,962,20860,8.64215529,60,429.4054572,2083.8,Denied
477,404,236,19360,11.1855659,60,422.7271645,1744.5,Denied
502,425,319,13068,11.83666641,60,289.6129892,1249.9,Denied
125,108,11,25787,3.916277655,60,473.9331964,2384.2,Approved
709,605,257,28416,10.36393666,60,608.8571018,2772.6,Denied
300,258,222,34991,11.43089058,60,768.3298738,3391.5,Denied
601,512,250,25309,6.37167036,60,493.6797573,2362.7,Denied
441,376,831,17205,4.903748954,60,323.9214352,1716.8,Approved
606,515,434,15351,6.727253486,60,301.996681,1372.4,Approved
894,757,985,12394,4.641534241,60,231.8600787,1164.1,Approved
273,236,396,28475,11.63537487,60,628.1764344,2662.2,Denied
82,70,482,25304,4.631047638,60,473.2522914,2452.9,Approved
53,48,583,31744,8.637657854,60,653.3848842,3047.7,Denied
933,790,271,27123,4.257796878,60,502.6729448,2623.8,Approved
609,518,329,31623,9.593737034,60,665.591393,3025.4,Denied
431,368,730,18163,8.250851808,60,370.4645496,1752.4,Denied
468,398,735,8859,9.696129008,60,186.9057363,884.3,Denied
311,268,225,34195,9.034736268,60,710.4085759,3379.5,Denied
434,370,138,29145,4.698076617,60,545.979752,2868.6,Approved
510,433,625,29812,3.066609253,60,536.5655005,2812.6,Approved
745,632,653,17479,4.917965444,60,329.1937717,1595.5,Approved
649,551,439,30951,3.710737697,60,565.9784386,3025.5,Approved
651,552,543,21369,9.426827562,60,448.0250301,1937.2,Denied
772,657,762,28069,3.032657005,60,504.770626,2803.3,Approved
264,228,394,19750,5.555696976,60,377.7558955,1790,Approved
729,622,548,23848,9.605038003,60,502.0774161,2309.5,Denied
763,648,258,36254,11.71716567,60,801.2781648,3454.2,Denied
921,783,990,12484,3.19922986,60,225.4281096,1180,Approved
568,483,247,10269,4.890603067,60,193.274442,855.4,Approved
963,816,685,31589,11.47795412,60,694.3749103,3092.2,Denied
330,283,404,10592,9.816649588,60,224.0943223,1012.9,Denied
725,619,651,10951,3.653401764,60,199.9710016,903,Approved
680,580,337,20061,8.930976517,60,415.7616568,1885.8,Denied
196,171,806,25752,10.45785883,60,552.9734788,2403.8,Denied
661,561,544,17311,8.132298366,60,352.1017479,1608.4,Denied
487,414,943,19699,8.062424258,60,400.0134635,1870.7,Denied
530,450,528,19148,9.71518289,60,404.1601783,1730.7,Denied
40,34,278,9594,3.136148148,60,172.9726887,912,Approved
415,356,827,12340,9.007763953,60,256.2046042,1138.4,Denied
1000,850,275,18851,3.442321831,60,342.4458765,1701.3,Approved
833,706,462,17876,9.012764775,60,371.1871123,1663,Denied
887,752,876,20530,3.262110462,60,371.2933729,1864.9,Approved
93,78,203,29305,8.048144892,60,594.8751921,2828.4,Denied
118,101,904,16812,3.230968594,60,303.8182847,1506.4,Approved
316,272,298,15799,10.47392104,60,339.3780606,1393.9,Denied
119,102,905,11300,11.89702485,60,250.7746395,1058.1,Denied
55,48,108,9649,11.96138001,60,214.4484138,805.9,Denied
950,807,994,20872,3.818108191,60,382.6787826,2021.7,Approved
755,641,760,32401,8.651817704,60,667.1294456,3164.1,Denied
80,68,796,20121,4.277523515,60,373.0841136,1867,Approved
532,451,529,11824,6.47091604,60,231.1890937,1141.7,Approved
881,749,464,27353,4.978819555,60,515.9194708,2647.8,Approved
650,553,960,37443,8.261216829,60,763.8985783,3620,Denied
759,645,454,22081,11.13293775,60,481.5596495,2162.5,Denied
168,143,596,20359,9.153593989,60,424.138611,1876.2,Denied
735,626,167,26368,3.48283724,60,479.4772927,2442.3,Approved
288,249,715,15265,10.65001829,60,329.2399693,1515.3,Denied
531,450,322,30905,8.98425274,60,641.3007982,2998.5,Denied
839,712,553,33396,4.331718235,60,620.0500629,3153,Approved
957,812,471,20674,10.06923407,60,439.9660139,1993.9,Denied
81,69,900,9764,9.696355954,60,206.0003644,925.6,Denied
585,498,744,16408,4.109375617,60,302.9888434,1563.5,Approved
271,234,921,22690,3.57410304,60,413.5241069,2097.5,Approved
13,11,577,19592,10.82629883,60,424.2823354,1926.2,Denied
629,535,542,21536,9.659427477,60,453.9758078,1991.2,Denied
23,20,579,25788,3.721091121,60,471.6863763,2501.9,Approved
873,741,561,35033,11.31462766,60,767.2107679,3481.7,Denied
915,777,184,24205,7.774900736,60,488.1866949,2338.2,Denied
382,329,131,22999,5.138021933,60,435.4753213,2131.7,Denied
201,176,213,28869,8.930507971,60,598.2997707,2830.6,Denied
161,138,284,29240,6.045558108,60,565.9107423,2846.1,Approved
357,307,723,14320,4.629932959,60,267.8149221,1235.1,Approved
240,207,388,22506,4.970982855,60,424.4168539,2125.2,Approved
980,832,192,27070,7.906915114,60,547.6768467,2512.4,Denied
73,61,6,15917,11.61979338,60,351.0143276,1454.8,Denied
959,813,781,27003,3.59311253,60,492.3584885,2603.6,Approved
970,824,570,34852,4.984022487,60,657.4451488,3415.5,Approved
131,113,12,16580,8.997680164,60,344.1548627,1551.6,Denied
548,465,532,31987,3.21181231,60,577.7802685,3008.1,Approved
254,219,501,38496,7.852857833,60,777.8520096,3701.7,Approved
627,533,60,19876,3.466840511,60,361.2840419,1873.5,Approved
690,587,65,16992,10.75907306,60,367.4089029,1564.4,Denied
133,114,908,31129,8.233425436,60,634.6671496,3111.5,Denied
52,45,368,15254,7.192127297,60,303.43211,1429.7,Denied
134,115,800,31844,4.763440425,60,597.490475,3000.8,Approved
943,801,777,9129,5.817310686,60,175.7146937,780.1,Approved
43,38,480,24780,3.758113792,60,453.6614891,2328.1,Approved
966,819,568,35553,9.497184733,60,746.6302624,3440.8,Denied
136,117,14,33404,10.99515303,60,726.2031579,3152.4,Denied
698,596,752,15002,8.95122897,60,311.061866,1484.3,Denied
976,828,190,19683,3.343706198,60,356.692093,1895.2,Approved
984,836,998,29396,3.898583297,60,540.0277605,2846.8,Approved
931,793,679,9659,3.608936815,60,176.1856779,889.6,Approved
165,141,378,16085,4.678378245,60,301.1793897,1558.3,Approved
623,529,848,32764,8.950967304,60,679.347327,3099,Denied
114,98,206,16674,4.004778915,60,307.1130493,1565.8,Approved
87,73,110,30386,4.885167199,60,571.8240732,2928.2,Approved
547,465,953,16804,4.267995395,60,311.5076577,1633.4,Approved
749,634,73,31335,4.734578811,60,587.5273054,2981.9,Approved
522,443,626,26300,4.880419379,60,494.8738851,2605.5,Approved
778,662,763,31240,4.501529724,60,582.4296514,3096.2,Approved
327,281,819,24875,4.39915012,60,462.6052621,2468.9,Approved
829,706,668,26103,11.87186227,60,578.9580062,2570.6,Denied
534,453,426,19151,7.983202369,60,388.1592889,1832.4,Approved
666,566,442,25244,3.903643365,60,463.8097952,2490.4,Approved
299,257,125,15516,3.141739556,60,279.7805832,1436.3,Approved
506,429,320,32437,9.171176126,60,676.0367396,3062.2,Denied
975,829,361,36319,5.457064117,60,693.0155727,3545.1,Approved
37,31,367,34000,9.669945499,60,716.8903068,3374.8,Denied
806,682,81,27631,8.525157314,60,567.2273587,2691.4,Denied
710,605,447,18691,10.41647122,60,400.9695213,1724.1,Denied
465,396,621,17425,3.765616118,60,319.0681201,1621,Approved
216,188,216,40691,11.58154354,60,896.5678508,3882.9,Denied
697,595,445,22523,4.935589344,60,424.3724765,2162.8,Approved
47,43,894,27608,6.640654705,60,542.0029626,2665.1,Approved
838,712,671,13704,3.54964714,60,249.6044786,1304.7,Approved
307,263,817,23732,4.184460838,60,439.0391923,2289.7,Approved
993,843,1000,17693,11.58704463,60,389.8888075,1612.3,Denied
717,610,71,32291,9.626933383,60,680.1758986,3110,Denied
954,810,101,38732,10.20831311,60,826.9161283,3776.2,Denied
227,198,601,37505,9.08661107,60,780.1195851,3686,Denied
63,54,280,22868,9.821776598,60,483.874481,2284.8,Denied
325,280,402,25525,3.803427071,60,467.8208352,2491.7,Approved
560,476,148,24160,3.49682693,60,439.4782279,2358.6,Approved
461,392,522,15551,6.517599151,60,304.4013807,1369.9,Approved
569,484,248,23275,9.241523304,60,485.8835532,2259.4,Denied
653,554,440,16726,9.492139456,60,351.2128848,1563.4,Denied
69,59,794,11129,4.049940885,60,205.2083846,1111.6,Approved
182,158,706,30170,4.501190046,60,562.4762165,2892.9,Approved
478,405,317,23666,9.334029863,60,495.1127323,2189.8,Denied
535,455,843,23983,11.69663507,60,529.8192788,2308.1,Denied
803,683,176,31749,7.586955641,60,637.4975467,3101.5,Denied
719,612,650,20623,3.097380592,60,371.4614301,1955.7,Approved
884,750,465,32503,3.507285049,60,591.3923331,3233.7,Approved
541,460,530,15947,6.338406538,60,310.8157548,1562.7,Approved
819,695,976,16615,3.209255777,60,300.0973333,1510.8,Approved
293,253,503,21804,9.393903956,60,456.7949094,2095,Denied
599,510,152,22712,10.9603901,60,493.3653828,2158.3,Denied
807,685,82,27072,10.72205792,60,584.8653232,2622.2,Denied
36,32,581,24126,10.48953771,60,518.4368089,2337.9,Denied
657,557,63,19776,10.84211361,60,428.4226484,1968.3,Denied
471,399,142,11750,5.614771061,60,225.0616385,1159.3,Approved
285,246,124,15286,9.366792459,60,320.0402841,1433.5,Denied
428,365,41,24548,10.70496993,60,530.1282591,2313.3,Denied
129,111,907,27792,11.51693905,60,611.4549097,2741.3,Denied
994,844,473,29057,10.17471222,60,619.8762441,2778.1,Denied
169,145,911,36197,5.848098953,60,697.2356012,3539.3,Denied
584,497,249,23006,8.120941032,60,467.8114631,2178.7,Denied
378,328,410,29339,4.420673658,60,545.9098978,2808.3,Approved
237,204,916,27405,5.023652311,60,517.4631756,2587.6,Approved
497,422,49,23133,9.490716279,60,485.7311129,2300.6,Denied
622,529,541,16664,10.12214886,60,355.0631278,1615.2,Denied
414,355,729,20014,11.68844585,60,442.0558176,1827.1,Denied
439,374,416,20698,3.17898909,60,373.5645642,1965.3,Approved
605,515,154,19909,6.217826966,60,386.9164885,1809.9,Approved
754,640,656,33037,5.072939599,60,624.5535405,3201.7,Denied
105,89,485,24824,9.370443937,60,519.7799239,2284.3,Denied
14,12,2,31734,4.244462118,60,587.9373186,3025.2,Approved
590,503,537,34506,3.558135896,60,628.6231219,3446,Approved
205,179,22,18883,3.419499899,60,342.8343996,1696,Approved
718,613,857,20039,3.231406467,60,362.1389719,1846,Approved
554,471,325,18717,4.154280488,60,346.0067086,1799.1,Approved
26,23,787,15513,4.390540012,60,288.43767,1407.6,Approved
987,838,999,23368,10.68782856,60,504.4465231,2290.8,Denied
250,216,711,24700,11.79544408,60,546.8880609,2293.2,Denied
395,338,133,26332,8.010812856,60,534.0542893,2468.4,Denied
337,288,304,28823,4.294393308,60,534.6572109,2842.1,Approved
462,393,46,15339,4.200784474,60,283.883011,1468.1,Approved
142,121,910,23610,4.17747922,60,436.7076151,2211.5,Approved
529,449,739,30674,4.92554064,60,577.8104184,2878.4,Approved
446,379,832,29584,3.033743347,60,532.0294732,2914.7,Approved
236,203,603,24063,4.392964861,60,447.4367673,2270.9,Approved
944,802,992,22171,11.2547146,60,484.8723867,2100.5,Denied
241,208,389,32343,4.019614393,60,595.9318994,3215.4,Approved
448,382,937,31621,9.335859478,60,661.5662679,3159.5,Denied
117,100,696,8252,7.37252049,60,164.8537179,795.7,Denied
953,809,100,27948,3.194485851,60,504.6080595,2597.2,Approved
444,377,731,29732,3.884071275,60,546.0059565,2834.4,Approved
692,590,66,23974,10.0798095,60,510.3186082,2318.3,Denied
60,52,584,27792,10.77582564,60,601.1629832,2595,Denied
751,637,759,18850,8.363542928,60,385.4980885,1745.1,Denied
190,165,382,16477,8.911038006,60,341.3244459,1627.1,Denied
543,462,952,31328,9.641206251,60,660.1102336,3081.7,Denied
277,238,28,32016,10.49317869,60,688.0405329,3072.5,Denied
559,475,845,17910,11.54784312,60,394.3179055,1618.9,Denied
276,238,220,21229,10.47530467,60,456.0343477,2066.6,Denied
310,266,506,24977,8.533845884,60,512.8489354,2377,Denied
607,516,847,9833,7.941740398,60,199.103733,875.2,Approved
476,403,235,26555,7.615357204,60,533.5645996,2645.7,Approved
647,550,851,10793,4.005441522,60,198.7960272,979.7,Approved
706,603,753,31533,11.68939193,60,696.4947832,2958.1,Denied
151,130,282,39367,4.082761588,60,726.4744399,3757.1,Approved
12,9,276,9083,4.846612136,60,170.7698517,861.7,Approved
792,673,865,23086,7.489692106,60,462.4830079,2204.4,Denied
567,482,955,13419,11.87314564,60,297.6387493,1311.5,Denied
866,735,984,14159,4.839565622,60,266.1583313,1277.1,Approved
6,5,889,14550,8.14413527,60,296.0262307,1345.5,Denied
101,86,484,28816,8.699088017,60,593.9731989,2808.7,Denied
504,427,838,40599,9.556538708,60,853.7767516,3870.4,Denied
302,260,926,15602,7.856428092,60,315.281359,1390.7,Denied
900,763,987,11769,3.600057839,60,214.6264111,1131.4,Approved
352,302,512,23283,8.641870576,60,479.2799847,2241.2,Denied
417,357,232,16711,4.772609332,60,313.6192355,1500.7,Approved
436,372,936,34121,3.892788831,60,626.740665,3221.5,Approved
107,91,486,22515,11.63150238,60,496.6512322,2224.6,Denied
181,156,211,27883,8.640921865,60,573.9580975,2609.1,Denied
750,637,971,33546,10.64447005,60,723.4375222,3210.3,Denied
809,687,262,25163,9.761055011,60,531.6857625,2377.3,Denied
377,323,409,28350,3.152973538,60,511.3418742,2789.8,Approved
636,540,436,15847,10.78585258,60,342.8621793,1514.4,Denied
140,121,375,27978,3.494797511,60,508.9034591,2682.6,Approved
817,693,665,10693,3.079231045,60,192.5159309,974.6,Approved
545,464,844,15773,3.119888596,60,284.2612717,1480.2,Approved
48,42,582,28226,8.244314148,60,575.6275239,2803.7,Denied
716,611,342,30106,11.63093183,60,664.0900515,2824.1,Denied
782,665,259,28372,7.219651753,60,564.744506,2655.1,Denied
154,133,491,12820,11.59224943,60,282.5393033,1180.3,Denied
906,768,877,31415,10.69032925,60,678.1966466,3102.9,Denied
159,136,594,36125,10.11575972,60,769.6087347,3592.5,Denied
895,760,986,19633,9.217785457,60,409.6270918,1855.2,Denied
403,345,825,31754,11.99184901,60,706.2194051,3025.8,Denied
854,723,352,28176,3.724378118,60,515.4067232,2800.7,Approved
128,110,373,31167,9.882595797,60,660.4076351,3098,Denied
166,144,703,27223,9.5129807,60,571.9063764,2547.2,Denied
343,293,405,34407,4.959053859,60,648.657285,3323.6,Approved
731,623,451,36418,8.698633542,60,750.6623214,3557,Denied
587,500,536,19434,5.983964003,60,375.5687717,1844.3,Approved
656,558,332,35524,7.041045998,60,704.105923,3375.1,Approved
349,300,927,23680,8.252830473,60,483.0154308,2201.7,Denied
187,162,20,22634,4.214498748,60,419.0340671,2176.4,Approved
909,770,183,33361,6.432939509,60,651.698879,3301.4,Approved
493,418,524,29841,5.85199993,60,574.8587606,2891.4,Approved
268,232,502,15750,8.953653124,60,326.5899344,1425.5,Denied
466,397,734,24767,10.05805097,60,526.9332664,2369.5,Denied
611,518,57,27314,9.471710322,60,573.2672994,2581.7,Denied
94,80,112,24664,9.826079565,60,521.9289617,2409.9,Denied
791,672,864,30618,9.349909527,60,640.7915386,2992,Denied
625,530,253,20458,11.88197477,60,453.8576952,1965.7,Denied
892,755,93,27893,8.533757727,60,572.7215335,2641.9,Denied
678,576,336,24919,3.193607906,60,449.9089633,2313.8,Approved
960,814,884,24704,9.373566915,60,517.3049276,2373.3,Denied
177,152,288,27570,4.182053802,60,510.011707,2580.8,Approved
929,793,882,28538,4.318352944,60,529.6805588,2728.6,Approved
301,259,717,13879,3.794513494,60,254.3179131,1217.2,Approved
614,521,58,32721,7.997833982,60,663.4299787,3193.1,Denied
279,240,607,31517,3.703785992,60,576.2300376,2968.7,Approved
234,202,602,20526,10.88562667,60,445.1150862,1854.5,Denied
867,735,558,21992,4.275165389,60,407.7527434,2013.6,Approved
897,759,563,20303,7.43916159,60,406.2437606,1864.2,Denied
526,447,948,19321,11.90490265,60,428.8570643,1761.6,Denied
347,298,33,20416,11.55917463,60,449.6078117,1948.8,Denied
111,95,371,13831,4.529123949,60,258.0348037,1337.6,Approved
157,134,283,15830,4.396496956,60,294.3745518,1579,Approved
498,422,622,32058,9.341992679,60,670.8049402,3204.1,Denied
973,825,189,10673,3.295371156,60,193.183967,933.4,Approved
266,229,812,25885,8.250544012,60,527.9637375,2448.8,Denied
350,301,722,27697,8.967606817,60,574.5088259,2714.7,Denied
473,401,940,29847,9.729125925,60,630.1898312,2845.1,Denied
841,713,978,28923,10.08798509,60,615.7811648,2789.1,Denied
318,275,818,13969,11.09233422,60,304.3635466,1377.2,Denied
238,206,917,9847,7.876222769,60,199.0788501,835.1,Approved
464,395,316,20883,3.234640961,60,377.421619,2033.7,Approved
936,795,565,23225,5.321012421,60,441.7083018,2154.3,Denied
888,753,354,24541,4.179389446,60,453.9492764,2298.7,Approved
67,58,481,29737,10.9815923,60,646.2814802,2913.7,Denied
135,116,13,34966,4.696300761,60,654.9975173,3490.2,Approved
262,225,393,21157,4.87166416,60,398.0159318,2047.4,Approved
889,754,355,38725,11.93370497,60,860.1194701,3757.6,Denied
380,327,306,3537,3.799603384,60,64.81986213,352.9,Approved
511,432,526,7963.75,9.521340734,60,167.3366393,711.075,Denied
654,556,641,3604.5,5.44342603,60,68.75605497,259.65,Approved
880,747,180,8870,10.73973775,60,191.7060081,743.2,Denied
370,319,930,7949,4.313523917,60,147.5202898,794.8,Approved
826,702,264,9839.25,11.44825038,60,216.1352288,812.325,Denied
958,812,566,4569.5,8.389031979,60,93.50609185,378.65,Denied
525,446,241,8122.75,9.991107631,60,172.5488942,662.275,Denied
188,163,381,3788,4.162163859,60,70.03933602,299.4,Approved
269,231,295,7643.5,8.96622816,60,158.5412364,601.25,Denied
682,582,751,5810.25,3.338050812,60,105.2777168,388.125,Approved
221,193,809,6054.5,11.43832335,60,132.9668502,547.75,Denied
747,636,970,3125,5.175604767,60,59.22434878,271.3,Approved
79,67,693,7434.75,3.941241808,60,136.725185,595.675,Approved
280,242,712,6655.25,5.347502004,60,126.6550872,524.525,Denied
641,544,438,4258,3.914117523,60,78.25263323,401.2,Approved
564,480,246,6939.25,11.91984931,60,154.0788719,662.625,Denied
494,420,238,5586,6.27111906,60,108.6986406,430.7,Denied
549,466,323,8293.25,11.42849967,60,182.0926448,712.725,Denied
458,390,315,7141,8.469262257,60,146.4027831,668.9,Denied
149,128,593,6424.25,3.542504154,60,116.9906415,613.625,Approved
982,833,571,6948.75,9.615170963,60,146.3280896,644.775,Denied
387,332,932,8606.5,3.79962428,60,157.7247469,845.55,Approved
739,628,757,7602.5,10.68553391,60,164.1069942,658.15,Denied
688,586,646,7648.5,3.689436255,60,139.7893725,663.35,Approved
604,514,153,5229.5,10.85506747,60,113.3243829,439.95,Denied
777,660,550,5871.5,10.5567476,60,126.3665566,415.35,Denied
443,376,44,7724.25,3.798322291,60,141.551901,749.525,Approved
485,412,318,5422.25,9.727040511,60,114.4798929,481.625,Denied
267,230,813,5488,10.4581108,60,117.8446755,379.3,Denied
371,320,408,4297.75,8.280168761,60,87.72027513,340.175,Denied
556,472,429,5505.5,7.467220215,60,110.2331877,465.25,Denied
383,330,617,8543.25,10.61368464,60,184.1092636,772.825,Denied
904,767,96,10338.75,10.90536986,60,224.3018688,838.075,Denied
582,495,633,5034.75,10.147692,60,107.3398033,503.075,Denied
7,6,475,6706,3.220954222,60,121.1576215,498.2,Approved
851,721,88,5541,3.810071227,60,101.5717166,434.4,Approved
512,434,321,6489.5,6.216120749,60,126.1134021,552.85,Denied
518,439,425,7203.5,9.28417196,60,150.5282575,607.65,Denied
202,177,495,9765,8.1198013,60,198.5593406,874.5,Denied
155,132,17,8745.25,10.94901697,60,189.9206469,851.525,Denied
274,236,121,8856.25,8.439137832,60,181.4398584,733.625,Denied
482,409,420,6590.5,10.42523253,60,141.4115723,609.45,Denied
167,142,18,8385.75,10.81286999,60,181.5449139,797.975,Denied
329,282,32,10126,4.269572646,60,187.7200757,877.7,Approved
24,21,365,3900.75,7.877426756,60,78.86451901,355.775,Denied
278,239,814,5688.75,5.309894465,60,108.1632702,415.575,Denied
868,736,873,9006.25,4.734334318,60,168.865049,764.125,Approved
827,703,461,7932,3.05838047,60,142.7335303,686.7,Approved
981,833,997,6768.25,10.13966742,60,144.2708799,581.025,Denied
286,247,924,7754.5,3.808487236,60,142.1417166,665.05,Approved
33,27,479,4285.75,4.048367721,60,79.02218961,310.175,Approved
322,277,401,7929.75,3.730199754,60,145.0749221,639.575,Approved
116,99,10,8244,5.571700745,60,157.7429598,651.9,Denied
218,190,708,6344.25,3.038245795,60,114.1057235,507.825,Approved
687,585,965,5454.25,6.554449441,60,106.8578243,468.625,Approved
90,76,7,8390.5,4.685553725,60,157.1331817,697.95,Approved
102,87,204,6131.25,9.492863823,60,128.7462812,455.225,Denied
115,98,9,7929,3.445727636,60,144.0497127,665.4,Approved
391,335,230,9124,8.322128014,60,186.4116272,718.1,Denied
840,713,869,8050,8.341243692,60,164.5428195,730,Denied
292,252,296,7369,8.885585785,60,152.5594523,578,Denied
748,635,655,4161.5,8.400056244,60,85.17922951,306.35,Denied
304,260,223,8112,5.795119095,60,156.0560431,637.9,Denied
130,112,489,6111.5,5.198448386,60,115.8880143,561.95,Approved
257,221,920,7721.5,8.262419469,60,157.5357181,740.45,Denied
924,785,880,2287.75,11.42510472,60,50.22761197,211.575,Denied
901,764,676,6069.75,8.648481043,60,124.9650326,524.175,Denied
305,261,30,5886.5,4.119364812,60,108.72623,444.75,Approved
969,821,188,3169.75,11.09382218,60,69.06645068,249.475,Denied
127,109,906,7947.5,3.912819131,60,146.0528418,718.45,Approved
802,680,80,10003.75,8.613475511,60,205.7897992,973.975,Denied
771,656,661,5887.5,3.399192284,60,106.8383138,412.85,Approved
368,317,822,9736,9.731936825,60,205.5794094,814.1,Denied
992,842,472,6456,4.056468178,60,119.0616534,487.5,Approved
926,787,881,5062.5,6.048320876,60,97.98609535,424.85,Approved
335,286,127,8269,7.344438801,60,165.0832127,750.6,Approved
16,14,578,7976.25,11.0040866,60,173.4392582,658.025,Denied
247,214,918,5845,11.70884723,60,129.1604639,521.3,Denied
521,441,50,9602.25,3.057905098,60,172.7870572,818.625,Approved
728,623,968,5138,11.58276516,60,113.2116187,510.4,Denied
71,61,109,5792,9.570275154,60,121.8417904,501.6,Denied
951,807,779,6774.75,4.756744991,60,127.0942473,549.275,Approved
363,313,928,5905.75,7.072354328,60,117.1426373,576.275,Approved
770,654,660,3878.25,4.974697514,60,73.14241301,321.625,Approved
17,15,891,10668.5,4.518564903,60,198.9831236,954.55,Approved
158,135,701,5331,9.458178504,60,111.852,519.7,Denied
677,578,963,7330.75,4.002126346,60,135.0139535,620.775,Approved
91,77,202,5415,9.505556621,60,113.7397838,439,Denied
676,577,443,7175.5,3.729823672,60,131.2746917,531.55,Approved
259,223,605,7484.75,9.043617998,60,155.5295933,623.675,Denied
306,262,399,4554,3.991940591,60,83.85227951,430.8,Approved
780,664,171,6843.8,10.72695978,60,147.870588,597.78,Denied
842,714,979,7228.8,3.554680543,60,131.6815773,613.18,Approved
226,197,600,3921.4,10.09751924,60,83.50644812,290.94,Denied
248,214,710,3552.4,8.469521177,60,72.83075351,292.54,Denied
270,233,395,5786.8,8.639381147,60,119.1141795,453.08,Denied
348,299,128,7779,3.093612709,60,140.1022863,582,Approved
828,704,667,3931.4,11.88292577,60,87.21941221,272.24,Denied
503,426,239,7546.6,5.011581055,60,142.453696,620.06,Approved
410,351,934,4124.2,3.357159936,60,74.76286616,324.72,Approved
427,366,313,4342,10.45146701,60,93.22215797,318.4,Denied
552,469,243,3625,5.244108797,60,68.81437133,279.2,Approved
824,700,85,8049.6,4.763793006,60,151.0363204,698.76,Approved
893,756,181,4922.2,10.87848063,60,106.7224974,475.02,Denied
84,72,199,2695.4,4.932779943,60,50.78255613,266.14,Approved
96,81,903,4746,4.015271094,60,87.43752438,295.1,Approved
940,799,681,3774.6,9.201614733,60,78.72434824,372.86,Denied
344,295,720,5905.6,4.099001146,60,109.0246548,417.16,Approved
542,461,741,6667.6,4.861637435,60,125.4036161,486.86,Approved
539,459,951,3064,4.041522874,60,56.48565573,304.5,Approved
364,312,229,5728.6,3.534414064,60,104.3015412,394.16,Approved
811,688,263,4526.2,7.632196368,60,90.98036401,364.22,Approved
29,25,789,3382.8,9.487674994,60,71.02472315,216.78,Denied
488,413,48,2868.2,3.0027667,60,51.54132503,216.92,Approved
813,691,768,4348.4,8.99074009,60,90.24609086,395.34,Denied
208,182,116,2809.4,9.272934037,60,58.69136988,257.94,Denied
724,617,450,3496,4.717554936,60,65.5224051,186.6,Approved
3,3,1,3188.2,9.834012668,60,67.47973345,232.82,Denied
156,134,700,6657.2,3.889174576,60,122.269807,560.62,Approved
242,209,390,3430.6,9.344409066,60,71.7884153,218.26,Denied
437,372,314,6801.8,4.761356246,60,127.6160228,633.28,Approved
546,463,242,5646.6,11.78010711,60,124.9789548,499.36,Denied
845,716,554,4234.8,4.983780658,60,79.88443613,374.38,Approved
779,663,349,4917.2,3.753482534,60,90.01172572,470.12,Approved
577,488,326,5369.2,7.898442337,60,108.6072396,492.62,Denied
761,647,861,7457.8,4.583759139,60,139.3201288,671.98,Approved
701,598,69,4260.4,10.70275659,60,92.00111821,257.34,Denied
995,845,688,4949.2,8.979557918,60,102.6881567,456.02,Denied
451,384,620,4063.2,3.432914522,60,73.79469029,276.32,Approved
499,423,423,5634.4,8.664191298,60,116.0447293,381.84,Denied
890,754,92,4020.8,11.69102644,60,88.81395755,398.28,Denied
592,504,55,3677.2,9.17630665,60,76.64765592,281.12,Denied
222,194,118,4483.8,9.812376982,60,94.85409094,380.28,Denied
152,131,490,6457.8,9.975831336,60,137.132382,494.48,Denied
679,579,964,3427.4,7.334514786,60,68.40885918,262.64,Approved
146,124,376,4587,11.37693985,60,100.5969378,399.5,Denied
430,368,518,3549,8.556290805,60,72.90949218,314.9,Denied
207,182,214,5313.6,9.707617441,60,112.1353804,388.36,Denied
862,732,983,4410.2,11.37141955,60,96.7073567,407.22,Denied
955,811,272,3312.2,7.454099917,60,66.29747266,227.72,Approved
985,835,782,5820.8,3.204827517,60,105.1228186,459.68,Approved
659,560,160,7601.2,8.625533395,60,156.4105527,659.02,Denied
742,631,453,5572.6,9.216794766,60,116.2652253,435.36,Denied
734,625,166,6835.6,8.301436276,60,139.5895424,623.16,Denied
442,375,43,5053.8,3.849326006,60,92.7301786,336.08,Approved
869,737,559,5514.4,8.430470821,60,112.9516602,501.54,Denied
191,166,597,7555.8,4.136435187,60,139.6172504,651.78,Approved
785,667,664,6449.8,8.986227759,60,133.8441325,638.88,Denied
313,267,126,4563.8,10.38573226,60,97.83572296,444.18,Denied
399,341,933,4171,5.352576929,60,79.38743812,229.6,Approved
917,778,269,6752.8,11.90353547,60,149.8833371,582.48,Denied
808,686,261,5481,11.73024482,60,121.1759862,395.2,Denied
144,123,15,7939.8,3.783593877,60,145.4493906,677.78,Approved
626,532,59,7103.4,3.484357188,60,129.1734854,544.24,Approved
922,782,270,5632.4,9.001592851,60,116.9237142,557.54,Denied
212,184,23,6867,3.96678707,60,126.3633592,567.3,Approved
70,60,896,5298.8,5.119978406,60,100.2864155,505.78,Approved
974,827,887,5934.4,6.919115318,60,117.2818988,539.54,Approved
320,275,299,7716.6,9.633211633,60,162.5657678,673.56,Denied
359,309,406,5876.8,3.754813145,60,107.5811837,443.88,Approved
388,333,36,4774.6,11.23745989,60,104.3776915,472.16,Denied
460,393,939,6901,4.41807092,60,128.3985438,608.6,Approved
474,400,419,4751.8,4.908667631,60,89.47363258,368.28,Approved
773,655,75,5734.4,9.407744962,60,120.1747063,452.14,Denied
740,629,860,6301.4,4.795085529,60,118.3245215,618.74,Approved
830,705,551,6119.4,11.07986875,60,133.2944568,518.54,Denied
861,730,557,4942.8,6.072273955,60,95.7243696,375.48,Approved
948,805,778,7771.8,10.48666175,60,166.9949474,618.28,Denied
658,559,441,7185.4,3.577139915,60,130.9633366,622.84,Approved
704,600,340,6716.4,4.748799834,60,125.9752445,602.74,Approved
85,73,200,4280.4,3.224854634,60,77.34163554,407.54,Approved
891,757,268,5310.6,3.424868723,60,96.43050258,465.86,Approved
323,278,300,3073,8.732133168,60,63.39166482,232.2,Denied
454,387,45,3409.8,3.806052005,60,62.49865919,312.68,Approved
341,292,719,6978,4.49046592,60,130.060739,683.2,Approved
999,849,783,3423.6,10.1076298,60,72.92282275,271.56,Denied
231,201,499,5011.8,3.975352647,60,92.24419077,364.88,Approved
495,419,145,9012.6,3.00109193,60,161.9489948,782.86,Approved
783,666,663,5153.8,9.701606901,60,108.7478657,385.78,Denied
282,243,923,4507,8.254215099,60,91.93503052,337.1,Denied
972,826,886,6226.6,5.624759756,60,119.2941882,502.56,Approved
877,743,266,6494.4,11.72957576,60,143.5784222,533.94,Denied
550,467,324,4716.65,8.861592817,60,97.59336694,360.165,Denied
737,627,652,2785.2,11.43335055,60,61.16065884,181.62,Denied
736,628,859,4151.9,11.21157349,60,90.71106548,252.69,Denied
281,241,123,6521,3.318292474,60,118.0984679,511.2,Approved
589,502,745,5210.3,4.211423915,60,96.45352256,383.73,Approved
219,191,117,4025.75,5.346985616,60,76.61250076,291.675,Approved
317,273,508,4974.55,7.183664475,60,98.93368323,409.155,Approved
113,97,590,4986.25,4.274924555,60,92.44930651,323.625,Approved
19,17,786,2599.75,11.24775425,60,56.84661232,246.975,Denied
18,16,477,6016.6,3.958769099,60,110.692934,514.56,Approved
189,164,494,4315.7,4.829726176,60,81.10634464,392.37,Approved
358,308,228,4465.8,8.197395787,60,90.97279642,431.58,Denied
997,846,193,4601.4,9.17155426,60,95.90106699,298.44,Denied
804,684,458,5082.3,4.430105195,60,94.58797607,367.53,Approved
603,512,328,3902,6.254327635,60,75.89890013,324.6,Denied
527,448,949,3052.55,8.691805417,60,62.91030336,229.455,Denied
346,297,721,5147,8.428842982,60,105.4221582,465.9,Denied
818,694,666,5596.25,11.26935645,60,122.4291303,470.625,Denied
562,479,742,4539.65,9.892571914,60,96.21436043,439.065,Denied
163,139,595,6914.85,11.52913469,60,152.1767398,585.885,Denied
644,547,639,5182.35,4.466578269,60,96.53591301,502.935,Approved
898,761,182,4563.75,6.229178617,60,88.71722785,288.075,Denied
138,119,801,5088.1,9.494044057,60,106.8447616,456.81,Denied
730,623,344,3886.5,10.06255339,60,82.696312,316.05,Denied
670,572,644,3251.9,4.778119906,60,61.03734819,289.59,Approved
991,841,274,5340.35,10.94911432,60,115.9766722,443.235,Denied
913,775,878,4686.6,3.010305929,60,84.23353103,329.46,Approved
401,342,134,6651.35,10.77663141,60,143.876636,540.135,Denied
199,174,115,2872.75,4.839014814,60,54.0007138,213.075,Approved
695,593,647,4132.7,7.131367279,60,82.08879749,387.57,Approved
381,328,931,3684.9,3.354011563,60,66.79411907,256.29,Approved
463,394,141,18625,9.93407251,60,395.1223019,1708.6,Denied
844,715,980,3381.65,5.420948054,60,64.47012797,242.865,Approved
949,806,682,5618.05,3.717990557,60,102.7515045,370.905,Approved
108,92,487,3674.6,11.74846817,60,81.2731468,178.86,Denied
865,734,674,3785.2,11.69322123,60,83.61405793,226.62,Denied
796,677,764,6031.65,3.565673704,60,109.9037238,558.765,Approved
588,501,151,3474.1,9.358524177,60,72.72260745,259.11,Denied
602,513,957,2870.15,10.40085147,60,61.54984137,275.115,Denied
794,675,78,6931.95,11.85278918,60,153.6822242,529.695,Denied
822,698,459,4554.9,8.591205336,60,93.65109859,338.79,Denied
230,201,498,4294.1,3.513833287,60,78.14377682,265.11,Approved
832,707,552,5081.55,11.49422731,60,111.741808,444.855,Denied
978,830,191,4396,9.967568927,60,93.33187524,435.6,Denied
123,106,372,2774.15,7.696883277,60,55.84818462,169.815,Approved
246,212,119,6151.75,3.371035795,60,111.5561295,484.575,Approved
967,820,569,5584.5,10.13067435,60,119.0135072,421.35,Denied
795,676,260,5317.4,3.652539265,60,97.09645319,492.24,Approved
192,167,598,7393.65,9.26617024,60,154.4368923,551.265,Denied
334,288,609,3966.95,3.893753928,60,72.86737599,201.195,Approved
336,287,303,3248.1,6.299232347,60,63.24780346,229.41,Approved
956,811,780,5975.85,6.072040639,60,115.7302068,462.285,Approved
579,492,956,3700.25,7.744912311,60,74.57681281,210.525,Approved
937,796,776,6580,10.92697674,60,142.8256343,502.5,Denied
150,127,16,2769.25,7.182640974,60,55.07341017,235.125,Approved
137,118,209,6863,9.159653798,60,142.99696,500.1,Denied
610,518,538,5465.15,10.3108377,60,116.9559177,472.515,Denied
902,765,466,3952.35,4.558358867,60,73.78866491,305.835,Approved
801,681,974,4306.45,11.18236147,60,94.02478488,248.745,Denied
104,88,8,3711,6.033591382,60,71.80200498,351,Approved
505,428,424,3496,4.541745513,60,65.242378,281.1,Approved
713,608,448,4125.7,10.94357559,60,89.586664,226.77,Denied
911,773,989,4826.6,3.283012971,60,87.33604045,361.26,Approved
652,552,159,5624.1,11.46378187,60,123.5863876,431.61,Denied
372,321,305,5480.05,9.765285881,60,115.8029925,415.305,Denied
432,369,42,3919.05,6.459231347,60,76.60589732,286.305,Approved
501,425,623,4145.05,9.793476716,60,87.64944304,358.005,Denied
406,347,311,4605.65,10.27138401,60,98.47258698,445.365,Denied
56,49,792,4238.4,10.48467699,60,91.06757819,340.74,Denied
289,250,29,3371.05,9.992718263,60,71.6127725,337.005,Denied
397,340,411,5254.25,4.733577087,60,98.51412432,380.925,Approved
939,798,469,4419.75,10.51093902,60,95.02161848,299.475,Denied
878,746,675,4898.4,9.605711797,60,103.1287544,362.34,Denied
693,591,339,2974.25,3.833383514,60,54.5519913,263.925,Approved
630,536,750,3364.45,11.24335446,60,73.56027691,287.745,Denied
837,711,977,4418.85,9.392767771,60,92.5726824,418.485,Denied
722,616,449,4999.85,8.845819183,60,103.4149295,498.885,Denied
204,180,497,5180.45,8.237532752,60,105.6307457,342.345,Denied
810,687,767,2926.25,11.50410739,60,64.36190148,278.325,Denied
147,125,377,5204.2,4.837092902,60,97.82173272,481.32,Approved
580,493,431,3737.35,3.240240364,60,67.55502597,273.435,Approved
423,361,829,4913.15,9.337894966,60,102.7965119,409.815,Denied
639,542,157,1845,8.701488278,60,38.03242047,105.6,Denied
553,470,954,7000.4,8.463593875,60,143.5011255,517.74,Denied
665,565,642,4190.15,11.59946697,60,92.36169644,375.915,Denied
314,270,507,2416.7,8.227509037,60,49.26552073,212.37,Denied
575,490,630,3652.1,11.92194265,60,81.09496399,266.01,Denied
338,289,510,4259.95,8.385803443,60,87.16512403,289.095,Denied
297,255,925,6354.4,7.590411948,60,127.6023239,492.84,Approved
438,373,519,4123.65,10.26602443,60,88.15611604,272.565,Denied
319,274,31,3821.95,3.735834976,60,69.93232531,218.895,Approved
551,468,428,3130.65,3.684684753,60,57.21128339,175.365,Approved
10,8,784,2549.35,7.27209243,60,50.80809627,242.835,Approved
684,582,338,2791.7,3.62914659,60,50.94751563,203.07,Approved
294,253,221,2950.45,10.62927567,60,63.6057913,119.145,Denied
632,537,637,5099.85,4.034652167,60,94.00127081,383.985,Approved
557,474,533,6078.8,3.96993129,60,111.8678883,439.08,Approved
203,178,496,2063.3,11.60464868,60,45.48582,196.83,Denied
50,44,106,2187.35,10.21858023,60,46.71032296,150.135,Denied
324,279,301,2790.35,4.653723206,60,52.21582028,264.735,Approved
139,120,374,19016,10.90229414,60,412.5279322,1764.9,Denied
453,385,417,6272.3,8.154228984,60,127.6431007,547.53,Denied
563,478,149,3041,11.09244021,60,66.25898728,189.3,Denied
702,599,164,3404.3,3.4337405,60,61.82919263,147.33,Approved
764,649,455,4581.9,11.61259859,60,101.0271233,345.99,Denied
223,194,290,5883.25,8.171696762,60,119.7751178,532.725,Denied
2,1,194,4827.25,9.332288138,60,100.9860526,370.125,Denied
68,58,692,1813.35,8.398931789,60,37.11538434,149.835,Denied
38,32,104,4628.8,9.902356468,60,98.12607935,377.28,Denied
332,284,226,5954.85,7.460067308,60,119.2100118,416.085,Denied
88,74,111,4257.1,9.192749439,60,88.76916654,267.21,Denied
574,489,430,3762.15,3.301869795,60,68.10677014,315.015,Approved
429,367,830,4631.4,3.660534071,60,84.586621,341.34,Approved
743,631,549,5433.45,11.25552057,60,118.8299334,460.845,Denied
996,847,574,6633,3.280767916,60,120.0157205,575.1,Approved
834,709,177,3586.45,8.909449796,60,74.29128879,240.045,Denied
683,583,855,3785.9,8.275407858,60,77.26437581,210.39,Denied
321,276,400,3904.45,4.411420088,60,72.6335767,197.445,Approved
396,339,515,2478.3,9.580932974,60,52.14698714,103.53,Denied
870,738,771,6801.45,5.932519931,60,131.2777771,512.145,Approved
51,46,791,3939.55,10.87450556,60,85.40901159,337.755,Denied
425,363,136,5237.7,3.671955085,60,95.68677589,371.07,Approved
65,57,197,5452.9,10.91108509,60,118.317606,415.59,Denied
194,170,114,4742.6,11.26079758,60,103.7335193,325.86,Denied
409,350,38,7469.15,3.435325687,60,135.6606488,555.015,Approved
758,643,658,5733.25,4.947637394,60,108.0560157,431.625,Approved
386,332,307,6059.5,3.324715896,60,109.7578624,565.65,Approved
662,563,961,4664.35,9.163363627,60,97.19446832,444.735,Denied
733,624,756,5241.1,3.359590582,60,95.01555097,446.61,Approved
746,633,654,5212.55,9.382022625,60,109.1729687,356.355,Denied
420,359,517,5358.8,9.920243551,60,113.6484796,455.88,Denied
340,291,611,4087.75,4.044351738,60,75.36398135,255.375,Approved
479,406,941,6391.3,11.41442417,60,140.2869278,533.13,Denied
781,664,862,4814.45,11.55779164,60,106.0220431,394.245,Denied
835,710,669,3561.5,3.440207722,60,64.69457762,232.35,Approved
354,304,614,6574.4,6.868682097,60,129.7740616,477.24,Approved
328,281,302,4882.6,3.222992115,60,88.21860377,373.56,Approved
886,751,267,4723.85,3.91793972,60,86.82206463,401.085,Approved
404,344,516,5267.9,9.289334152,60,110.0941567,475.89,Denied
253,218,500,4868.8,3.633001491,60,88.86226183,415.98,Approved
932,792,468,5243.2,3.965168483,60,96.47911456,504.12,Approved
952,808,683,4836.8,10.91931054,60,104.9692211,436.68,Denied
35,30,4,2978.55,8.276730635,60,60.78950133,295.755,Denied
513,435,946,5707.95,11.51669335,60,125.580544,404.595,Denied
882,749,90,3956.85,4.469627549,60,73.71299621,351.285,Approved
11,10,785,4217.75,8.705997556,60,86.95295486,297.975,Denied
164,140,492,2314.2,11.75664364,60,51.19396248,124.32,Denied
183,157,380,5708.3,4.012624448,60,105.1595567,468.03,Approved
148,126,592,4382.85,11.99923431,60,97.4923817,268.485,Denied
424,362,312,5697.85,8.789037897,60,117.6954645,375.885,Denied
508,430,624,4887.1,10.13963279,60,104.1725192,426.21,Denied
856,726,672,2623.25,9.16099217,60,54.65955057,182.925,Denied
593,505,56,5447.6,9.21669423,60,113.6569924,451.26,Denied
45,37,196,3168.55,6.773196143,60,62.40258664,146.355,Approved
800,681,973,4423.45,11.68687627,60,97.69870462,396.945,Denied
741,629,758,3290.5,4.610527711,60,61.51036793,267.45,Approved
46,40,790,2616.6,4.447882797,60,48.71933946,164.16,Approved
885,751,772,3910.65,4.118347564,60,72.22961772,382.065,Approved
896,758,94,5264.35,11.68919401,60,116.2774166,402.135,Denied
923,784,775,4515.65,9.969445627,60,95.87634328,384.465,Denied
765,650,345,5870,11.49532871,60,129.0828399,429.9,Denied
28,23,102,3140.5,4.667963288,60,58.78856191,233.55,Approved
374,322,727,5318.65,5.64150604,60,101.9401471,364.365,Denied
823,699,460,2836,4.542450926,60,52.92636334,226.8,Approved
613,520,635,4112.9,8.048684628,60,83.49064435,225.99,Denied
998,848,575,2919.3,3.645659075,60,53.29780284,266.43,Approved
935,795,883,3775.25,5.688702334,60,72.44094343,252.525,Denied
633,539,156,3000.2,10.02745183,60,63.78591607,210.42,Denied
491,417,737,4701,10.94741265,60,102.0878867,444.9,Denied
812,689,351,5219.55,3.195352735,60,94.24228435,412.755,Approved
490,416,523,4988.2,10.05968881,60,106.1310679,479.82,Denied
361,311,725,4394.75,4.876824043,60,82.68657673,276.075,Approved
846,719,870,2542.55,8.914586204,60,52.6738196,128.955,Denied
145,124,113,5490.85,10.70856458,60,118.5878866,396.885,Denied